5 5.205
6 6.235
7 7.995
5 0.29
6 0.45200000000000007
5 5.288
6 6.480000000000001
5 7.384
6 7.3759999999999994
5 7.15
6 7.147999999999999
5 7.202000000000001
6 7.273999999999999
5 5.008000000000001
6 6.130000000000001
5 7.128
6 8.458000000000002
5 7.208
6 8.441999999999998
5 7.138
6 8.656
5 7.304
6 8.738
5 4.896
6 6.786
5 1.42
6 1.9719999999999995
5 1.8039999999999998
6 2.116
5 0.362
6 0.47400000000000003
5 0.36
6 0.43
5 0.36
6 0.438
5 0.35600000000000004
6 0.434
5 8.216000000000001
5 7.292
6 7.138
5 3.592
6 3.614
5 3.8
6 3.7620000000000005
5 3.804
6 3.79
5 3.88
6 3.968
5 3.818
6 3.8259999999999996
5 3.896
6 4.023999999999999
5 3.8880000000000003
6 3.9339999999999997
5 3.8240000000000003
6 3.87
5 3.818
6 3.8980000000000006
5 3.8199999999999994
6 3.778
5 3.8579999999999997
6 3.7260000000000004
5 3.896
6 3.9720000000000004
5 3.776
6 3.79
5 3.6399999999999997
6 3.7520000000000002
5 3.6719999999999997
6 3.6479999999999997
5 3.652
6 3.654
5 0.0
6 0.0
5 0.0
6 0.0
5 0.0
6 0.0
5 3.276
6 3.408
5 3.002
6 3.008
5 3.1740000000000004
6 3.1599999999999997
5 2.78
6 2.77
5 3.0
6 3.0159999999999996
5 6.228
6 6.396
5 7.4879999999999995
6 7.604000000000001
5 5.214
6 5.362
5 5.168000000000001
6 5.223999999999999
