1 0.14400000000000002
2 0.27133333333333337
3 0.4473333333333333
4 0.5946666666666666
5 0.6526666666666666
6 0.7446666666666667
7 0.908
8 0.9866666666666668
9 1.1386666666666665
10 1.236
11 1.3253333333333333
12 1.4893333333333334
13 1.7133333333333334
14 1.864666666666667
15 1.8593333333333333
16 2.078
17 2.2573333333333334
18 2.259333333333333
19 2.372
20 2.5733333333333333
21 2.854666666666667
22 2.898
23 2.8720000000000003
24 3.2846666666666673
25 3.2820000000000005
26 3.5180000000000002
27 3.6113333333333326
28 3.5900000000000003
29 3.9226666666666667
30 3.933333333333334
31 4.141333333333334
32 4.502666666666667
33 4.630666666666667
34 4.675333333333334
35 4.678000000000001
36 5.063999999999999
37 5.077333333333334
38 5.284666666666666
39 5.4559999999999995
40 6.179333333333333
41 6.348
42 6.767999999999998
43 6.5873333333333335
44 6.355999999999999
45 6.706666666666667
46 6.7713333333333345
47 6.961333333333333
48 7.343333333333334
49 7.240666666666666
50 7.362666666666667
