1 3.7600000000000015e-2
2 4.880000000000002e-2
3 9.360000000000002e-2
4 9.720000000000004e-2
5 0.29079999999999995
6 0.42719999999999997
7 0.5136
8 0.5804
9 0.642
10 0.7336
11 0.7992000000000001
12 0.8471999999999998
13 0.9404
14 1.0156
15 1.0632000000000001
16 1.1376
17 1.2095999999999998
18 1.2988
19 1.4127999999999998
20 1.4752000000000003
21 1.6056
22 1.7364000000000004
23 1.6755999999999998
24 1.7496
25 1.8135999999999999
26 1.8872000000000002
27 1.9764
28 2.0192
29 2.0663999999999993
30 2.1744
31 2.2688
32 2.3036000000000003
33 2.3324000000000003
34 2.4752
35 2.5056
36 2.5536000000000003
37 2.6664
38 2.7128
39 2.8768000000000002
40 2.8775999999999997
41 2.9375999999999998
42 3.1808000000000005
43 3.3952
44 3.4824000000000006
45 3.2415999999999996
46 3.2332
47 3.3295999999999997
48 3.5316
49 3.5208000000000004
50 3.7195999999999985
