1 0.16
2 0.3513333333333334
3 0.44933333333333336
4 0.632
5 0.914
6 1.121333333333333
7 1.358
8 1.5226666666666664
9 2.1626666666666665
10 2.104
11 2.146666666666667
12 3.418
13 2.779333333333333
14 2.9073333333333333
15 2.8286666666666664
16 2.9360000000000004
17 3.158
18 3.3613333333333335
19 3.5926666666666662
20 3.7240000000000006
21 3.8786666666666667
22 3.9926666666666666
23 4.118666666666666
24 4.292666666666666
25 4.696666666666666
26 4.674
27 4.779333333333333
28 4.690666666666667
29 4.649333333333332
30 4.444
31 4.865333333333334
32 4.918
33 4.916666666666667
34 5.119333333333334
35 5.4399999999999995
36 5.3839999999999995
37 5.692666666666668
38 6.085333333333335
39 6.063999999999999
40 6.347333333333333
41 6.538
42 6.910666666666667
43 7.072666666666665
44 7.3919999999999995
45 7.358666666666665
46 6.974
47 7.196
48 7.581333333333333
49 7.7219999999999995
50 7.979333333333333
