1 3.1200000000000016e-2
2 4.720000000000001e-2
3 8.800000000000002e-2
4 0.1628
5 0.18800000000000006
6 0.27440000000000003
7 0.35400000000000004
8 0.4548
9 0.6964000000000001
10 0.9548000000000003
11 0.8928000000000001
12 0.7588000000000001
13 0.9208
14 0.8695999999999998
15 0.9468000000000002
16 1.0263999999999998
17 1.0892000000000002
18 1.1567999999999998
19 1.2200000000000002
20 1.2612
21 1.372
22 1.4207999999999998
23 1.4695999999999998
24 1.6323999999999999
25 1.6712000000000007
26 1.7092
27 1.8056
28 1.838
29 1.9144000000000003
30 1.9771999999999996
31 2.0283999999999995
32 2.1203999999999996
33 2.1619999999999995
34 2.238
35 2.3232
36 2.414
37 2.4644
38 2.4812
39 2.5280000000000005
40 2.6140000000000003
41 2.7056
42 2.7603999999999997
43 2.8888000000000007
44 2.9836
45 3.0408000000000004
46 3.015199999999999
47 3.1024000000000007
48 3.187199999999999
49 3.2376
50 3.3336000000000006
