1 3.880000000000002e-2
2 5.520000000000002e-2
3 0.11560000000000001
4 0.14759999999999995
5 0.20520000000000008
6 0.4232
7 0.6924000000000002
8 0.6144000000000002
9 0.76
10 1.0856
11 0.924
12 0.9943999999999998
13 1.0432
14 1.1236
15 1.2264000000000002
16 1.2872
17 1.3632000000000002
18 1.5051999999999994
19 1.6051999999999997
20 1.6992000000000005
21 1.8459999999999999
22 1.8488000000000002
23 1.9639999999999997
24 1.9984
25 2.0868000000000007
26 2.154
27 2.228
28 2.3184
29 2.4616000000000002
30 2.448
31 2.5679999999999996
32 2.6395999999999997
33 2.7540000000000004
34 2.824
35 3.229599999999999
36 3.164
37 3.669999999999999
38 3.3939999999999992
39 3.526
40 3.3792
41 4.245999999999999
42 4.7388
43 3.9504
44 5.034799999999999
45 4.603999999999999
46 5.135599999999999
47 5.638000000000001
48 4.5512
49 6.024400000000002
50 5.840400000000001
