1 1.5200000000000002e-2
2 2.4800000000000013e-2
3 4.080000000000002e-2
4 0.11120000000000001
5 0.29279999999999995
6 0.3487999999999999
7 0.426
8 0.4656000000000002
9 0.5219999999999998
10 0.5988
11 0.6392000000000003
12 0.7147999999999998
13 0.7944000000000001
14 0.8291999999999998
15 0.8884000000000001
16 0.9503999999999999
17 1.026
18 1.0716
19 1.1488
20 1.2008
21 1.3551999999999997
22 1.3084000000000002
23 1.446
24 1.4831999999999999
25 1.5356000000000003
26 1.5464000000000004
27 1.6560000000000001
28 1.7331999999999996
29 1.7735999999999998
30 1.8572
31 1.9707999999999999
32 1.9972
33 2.1040000000000005
34 2.1748000000000003
35 2.1824
36 2.2328
37 2.2708
38 2.2632000000000003
39 2.4768
40 2.3867999999999996
41 2.4928
42 2.5220000000000002
43 2.6011999999999995
44 2.7236000000000002
45 2.7967999999999993
46 2.778399999999999
47 2.858
48 2.9128
49 3.0032000000000005
50 3.0724
51 3.08
52 3.3129999999999997
53 3.3009999999999997
54 3.4240000000000004
55 3.2659999999999996
56 3.4829999999999997
57 3.3849999999999993
58 3.469
59 3.582
60 3.586
61 3.681
62 4.073
63 5.203000000000001
64 4.102000000000001
65 3.971
66 4.254
67 4.354000000000001
68 4.184
69 4.212
70 4.263
71 4.345999999999999
72 4.406000000000001
73 4.45
74 4.663
75 4.671
