1,7.5000000000000015e-3
2,1.3000000000000003e-2
3,2.5000000000000005e-2
4,6.550000000000002e-2
5,0.17250000000000001
6,0.21550000000000002
7,0.24700000000000003
8,0.2795000000000001
9,0.3099999999999999
10,0.3434999999999999
11,0.377
12,0.4200000000000001
13,0.43600000000000005
14,0.46849999999999997
15,0.4835000000000001
16,0.513
17,0.5385000000000001
18,0.586
19,0.6094999999999999
20,0.6250000000000001
21,0.6365
22,0.6845
23,0.7034999999999998
24,0.7310000000000001
25,0.7660000000000001
26,0.7635000000000001
27,0.813
28,0.8385000000000001
29,0.8644999999999998
30,0.8825
31,0.8970000000000002
32,0.9425000000000001
33,1.1394999999999997
34,0.9909999999999999
35,1.0405
36,1.1415000000000002
37,1.0845
38,1.0815000000000001
39,1.218
40,1.2295
41,1.1615
42,1.231
43,1.2259999999999998
44,1.2650000000000001
45,1.2865
46,1.3404999999999998
47,1.3350000000000002
48,1.3685000000000003
49,1.4015
50,1.4205
51,1.434
52,1.4875000000000003
53,1.4745
54,1.5995000000000001
55,1.5295
56,1.6199999999999999
57,1.6145000000000003
58,1.6830000000000003
59,1.6940000000000002
60,1.7345
61,1.762
62,1.7494999999999998
63,1.7864999999999998
64,1.7869999999999997
65,1.832
66,1.8054999999999999
67,1.9065
68,1.9324999999999997
69,1.9275000000000002
70,2.0420000000000003
71,2.0679999999999996
72,2.0545
73,2.0425
74,2.0989999999999998
75,2.0545
