1,2.0e-2
2,3.2e-2
3,3.8000000000000006e-2
4,4.6000000000000006e-2
5,0.13
6,0.22999999999999998
7,0.28400000000000003
8,0.312
9,0.364
1,0 0.356
11,0.37200000000000005
12,0.40800000000000003
13,0.48
14,0.526
15,0.5559999999999999
16,0.594
17,0.646
18,0.67
19,0.724
20,0.9039999999999999
21,0.8479999999999999
22,0.828
23,0.8560000000000001
24,0.93
25,0.9700000000000001
26,1.032
27,1.068
28,1.198
29,1.19
30,1.188
31,1.2420000000000002
32,1.284
33,1.3519999999999999
34,1.344
35,1.3780000000000001
36,1.448
37,1.486
38,1.52
39,1.55
40,1.5580000000000003
41,1.5899999999999999
42,1.684
43,1.784
44,1.826
45,1.782
46,1.862
47,1.9659999999999997
48,2.008
49,2.084
50,2.04
51,2.0359999999999996
52,2.106
53,2.178
54,2.1559999999999997
55,2.244
56,2.322
57,2.2520000000000002
58,2.322
59,2.41
60,2.3920000000000003
61,2.464
62,2.484
63,2.586
64,2.6060000000000003
65,2.632
66,2.686
67,2.734
68,2.7359999999999998
69,2.8040000000000003
70,2.894
71,2.8760000000000003
72,2.878
73,3.082
74,3.0060000000000002
75,3.044
