1,2.0500000000000008e-2
2,2.0500000000000008e-2
3,3.250000000000001e-2
4,4.250000000000001e-2
5,0.14799999999999996
6,0.26850000000000007
7,0.2589999999999999
8,0.29200000000000004
9,0.30749999999999994
10,0.3275
11,0.3625
12,0.40049999999999997
13,0.4784999999999999
14,0.49700000000000016
15,0.523
16,0.5555000000000001
17,0.5884999999999999
18,0.6239999999999999
19,0.6595
20,0.7170000000000001
21,0.7500000000000001
22,0.779
23,0.8244999999999999
24,0.8539999999999999
25,0.9119999999999997
26,0.9329999999999998
27,1.0210000000000001
28,1.0675000000000001
29,1.0539999999999998
30,1.1320000000000001
31,1.1744999999999999
32,1.152
33,1.1830000000000003
34,1.2765
35,1.295
36,1.3415
37,1.3575000000000002
38,1.451
39,1.5665
40,1.5905
41,1.5230000000000001
42,1.571
43,1.6175000000000002
44,1.629
45,1.7115000000000005
46,1.7825
47,1.7445
48,1.9160000000000004
49,1.9434999999999998
50,1.9069999999999996
51,1.953
52,1.9314999999999993
53,1.9720000000000002
54,2.0614999999999997
55,2.0625
56,2.1825
57,2.1145000000000005
58,2.207
59,2.2375
60,2.2965000000000004
61,2.306
62,2.399
63,2.3474999999999997
64,2.373
65,2.5799999999999996
66,2.5870000000000006
67,2.5535
68,2.6485000000000007
69,2.6114999999999995
70,2.6585
71,2.726
72,2.8200000000000003
73,2.7864999999999993
74,2.8034999999999997
75,2.8835
