1,1.9000000000000003e-2
2,3.700000000000001e-2
3,5.900000000000002e-2
4,5.1000000000000024e-2
5,8.050000000000003e-2
6,0.16799999999999998
7,0.25549999999999995
8,0.29499999999999993
9,0.32
10,0.34199999999999997
11,0.366
12,0.3955
13,0.43800000000000006
14,0.483
15,0.5254999999999999
16,0.5810000000000001
17,0.655
18,0.6910000000000001
19,0.6675
20,0.8594999999999999
21,0.8494999999999999
22,0.8035000000000002
23,0.8630000000000001
24,0.9400000000000001
25,1.0720000000000003
26,0.9315
27,1.056
28,1.1495000000000002
29,1.1295000000000002
30,1.1135
31,1.1475
32,1.206
33,1.2415
34,1.4025
35,1.436
36,1.5939999999999999
37,1.6380000000000003
38,1.435
39,1.6019999999999999
40,1.7235000000000003
41,1.7040000000000002
42,1.7310000000000003
43,1.5990000000000002
44,1.7134999999999998
45,1.7704999999999997
46,2.1030000000000006
47,2.0999999999999996
48,2.0125
49,1.9280000000000002
50,1.873
51,2.0285
52,1.968
53,2.0375
54,2.132
55,2.1290000000000004
56,2.194
57,2.2165000000000004
58,2.2925
59,2.2895000000000003
60,2.3815
61,2.4199999999999995
62,2.4170000000000003
63,2.4560000000000004
64,2.4650000000000007
65,2.7064999999999997
66,2.7719999999999994
67,2.6454999999999993
68,2.6034999999999995
69,2.7405
70,2.6885000000000003
71,2.8289999999999997
72,2.8045
73,2.868
74,2.9655000000000005
75,2.9899999999999998
