1 2.0e-2
2 3.4e-2
3 6.6e-2
4 9.0e-2
5 0.124
6 0.194
7 0.21399999999999997
8 0.316
9 0.334
10 0.354
11 0.376
12 0.402
13 0.4720000000000001
14 0.4779999999999999
15 0.578
16 0.5599999999999999
17 0.616
18 0.65
19 0.676
20 0.72
21 0.746
22 0.792
23 0.866
24 0.906
25 0.9359999999999999
26 0.96
27 1.0139999999999998
28 1.046
29 1.1280000000000001
30 1.126
31 1.28
32 1.3820000000000001
33 1.386
34 1.3320000000000003
35 1.4140000000000001
36 1.378
37 1.468
38 1.464
39 1.498
40 1.5420000000000003
41 1.6420000000000001
42 1.7259999999999998
43 1.722
44 1.722
45 1.8
46 1.85
47 1.848
48 1.85
49 1.9260000000000002
50 2.0
51 2.058
52 2.1
53 2.154
54 2.1700000000000004
55 2.256
56 2.268
57 2.222
58 2.278
59 2.5119999999999996
60 2.5919999999999996
61 2.5439999999999996
62 2.5380000000000003
63 2.508
64 2.6239999999999997
65 2.7299999999999995
66 2.656
67 2.6719999999999997
68 2.738
69 2.95
70 2.8920000000000003
71 2.94
72 3.0460000000000003
73 3.04
74 3.058
75 3.0680000000000005
