1 0.148
2 0.27799999999999997
3 0.43066666666666664
4 0.6473333333333333
5 0.8733333333333333
6 1.0433333333333332
7 1.2139999999999997
8 1.4966666666666666
9 1.6913333333333331
10 1.737333333333333
11 1.8986666666666665
12 2.0566666666666666
13 2.2626666666666666
14 2.486666666666667
15 3.214
16 3.3313333333333333
17 2.9759999999999995
18 3.1526666666666667
19 3.2653333333333334
20 3.4739999999999998
21 3.6993333333333327
22 3.8040000000000003
23 4.009333333333333
24 4.11
25 4.680000000000001
26 4.470666666666667
27 4.670666666666668
28 4.7266666666666675
29 4.876666666666666
30 5.058666666666666
31 5.272
32 5.618666666666667
33 6.081333333333333
34 5.884
35 6.110666666666668
36 6.276
37 6.8
38 6.716666666666666
39 6.748666666666666
40 7.022000000000001
41 7.225333333333333
42 7.615333333333334
43 7.509333333333331
44 7.876666666666669
45 7.632666666666667
46 8.016666666666667
47 8.384000000000002
48 8.526
49 8.892
50 9.110666666666667
