1 4.4e-2
2 4.4e-2
3 6.200000000000001e-2
4 7.300000000000002e-2
5 0.32300000000000006
6 0.4840000000000001
7 0.531
8 0.6199999999999999
9 0.675
10 0.748
11 0.853
12 0.915
13 0.9800000000000002
14 1.059
15 1.158
16 1.2089999999999999
17 1.262
18 1.339
19 1.4140000000000001
20 1.49
21 1.5540000000000003
22 1.6949999999999998
23 1.706
24 1.843
25 1.877
26 1.922
27 1.998
28 2.1270000000000002
29 2.189
30 2.284
31 2.396
32 2.5149999999999997
33 2.5509999999999997
34 2.6719999999999997
35 2.888
36 2.958
37 2.834
38 2.9360000000000004
39 3.055
40 3.089
41 3.1870000000000003
42 3.3240000000000003
43 3.3590000000000004
44 3.410999999999999
45 3.4870000000000005
46 3.4829999999999997
47 3.569
48 3.7159999999999997
49 3.8949999999999996
50 3.9189999999999996
51 3.992
52 4.086
53 4.129
54 4.241999999999999
55 4.402
56 4.298
57 4.376
58 4.503
59 4.497000000000001
60 4.647
61 4.911
62 4.979000000000001
63 5.072999999999999
64 5.731
65 5.516
66 5.220000000000001
67 5.26
68 6.5120000000000005
69 5.75
70 5.672
71 5.526
72 5.586
73 6.260000000000001
74 5.641
75 6.182
