1 3.4e-2
2 4.9999999999999996e-2
3 9.0e-2
4 0.14200000000000004
5 0.17699999999999996
6 0.28200000000000003
7 0.44600000000000006
8 0.576
9 0.6399999999999999
10 0.699
11 0.788
12 0.849
13 0.9319999999999998
14 1.026
15 1.103
16 1.1789999999999998
17 1.2570000000000001
18 1.3410000000000002
19 1.386
20 1.459
21 1.5839999999999996
22 1.6600000000000001
23 1.6789999999999998
24 1.7549999999999997
25 1.823
26 1.9100000000000001
27 1.984
28 2.0620000000000003
29 2.1350000000000002
30 2.292
31 2.2809999999999997
32 2.354
33 2.45
34 2.5700000000000003
35 2.63
36 2.6729999999999996
37 2.7340000000000004
38 2.8440000000000003
39 2.9389999999999996
40 3.0069999999999997
41 3.117
42 3.1710000000000003
43 3.282
44 3.322
45 3.878
46 4.2219999999999995
47 4.266
48 5.011
49 4.412
50 4.489
51 4.5729999999999995
52 4.7170000000000005
53 4.806
54 4.904999999999999
55 5.051
56 5.077
57 5.116
58 5.211
59 5.306
60 5.371
61 5.465
62 5.67
63 5.66
64 5.781999999999999
65 5.842
66 5.905
67 7.425
68 6.122
69 6.2829999999999995
70 8.024000000000001
71 8.008
72 7.057999999999998
73 6.794
74 7.222999999999999
75 8.847000000000001
1 3.899999999999999e-2
2 4.4e-2
3 6.999999999999999e-2
4 7.2e-2
5 0.324
6 0.449
7 0.549
8 0.6099999999999999
9 0.671
10 0.7470000000000001
11 0.8200000000000001
12 0.8960000000000001
13 0.9709999999999999
14 1.0480000000000003
15 1.1439999999999997
16 1.2
17 1.2639999999999998
18 1.339
19 1.4140000000000001
20 1.482
21 1.5580000000000003
22 1.6309999999999998
23 1.6969999999999998
24 1.7719999999999998
25 2.049
26 1.9280000000000002
27 1.9969999999999994
28 2.0810000000000004
29 2.1740000000000004
30 2.2439999999999998
31 2.3440000000000003
32 2.4030000000000005
33 2.6580000000000004
34 2.5569999999999995
35 2.633
36 2.7020000000000004
37 2.7779999999999996
38 4.4079999999999995
39 3.7239999999999993
40 3.2049999999999996
41 3.842
42 3.7300000000000004
43 3.8890000000000002
44 4.773999999999999
45 4.63
46 4.6850000000000005
47 4.117
48 3.6690000000000005
49 4.429
50 4.177
51 4.563999999999999
52 4.303
53 4.91
54 4.612
55 4.252000000000001
56 4.41
57 4.534000000000001
58 4.4030000000000005
59 4.6770000000000005
60 4.711
61 4.858
62 4.813999999999999
63 5.499999999999999
64 4.8660000000000005
65 5.011
66 5.715000000000001
67 5.737
68 5.531000000000001
69 5.748
70 6.005
71 6.007
72 5.677
73 6.511
74 6.1850000000000005
75 5.787999999999999
