1 3.4e-2
2 4.0999999999999995e-2
3 6.300000000000001e-2
4 9.199999999999998e-2
5 0.30999999999999994
6 0.44600000000000006
7 0.5250000000000001
8 0.595
9 0.667
10 0.7330000000000002
11 0.812
12 0.8789999999999999
13 0.951
14 1.0310000000000001
15 1.1549999999999998
16 1.206
17 1.273
18 1.3610000000000002
19 1.43
20 1.4730000000000003
21 1.543
22 1.6169999999999998
23 1.6949999999999998
24 1.759
25 1.841
26 1.9129999999999998
27 1.987
28 2.065
29 2.177
30 2.2720000000000002
31 2.433
32 2.4040000000000004
33 2.5119999999999996
34 2.865
35 3.249
36 2.869
37 3.149
38 3.159
39 3.1740000000000004
40 3.3589999999999995
41 3.3340000000000005
42 3.315
43 3.3640000000000008
44 3.407
45 3.5489999999999995
46 3.6699999999999995
47 3.8330000000000006
48 3.8080000000000007
49 3.8259999999999996
50 3.825
51 3.85
52 3.972
53 4.082999999999999
54 4.175000000000001
55 4.241
56 4.358
57 4.308999999999999
58 4.512
59 4.583
60 4.593
61 4.631
62 4.714
63 4.755999999999999
64 4.845999999999999
65 5.04
66 5.061
67 5.127
68 6.199
69 6.535000000000001
70 6.767999999999998
71 7.160000000000001
72 6.6
73 7.092999999999999
74 6.706
75 6.988000000000001
