1 0.14933333333333332
2 0.318
3 0.40599999999999997
4 0.6086666666666667
5 0.7593333333333331
6 1.0133333333333332
7 1.2433333333333332
8 1.4853333333333334
9 1.907333333333333
10 2.0046666666666666
11 2.0626666666666664
12 2.344666666666667
13 2.3093333333333335
14 2.6960000000000006
15 2.594666666666666
16 2.725333333333333
17 2.8586666666666667
18 3.0146666666666664
19 3.236
20 3.4080000000000004
21 3.636666666666666
22 3.724666666666667
23 3.8706666666666667
24 4.160666666666667
25 4.110666666666667
26 4.282666666666667
27 4.443333333333333
28 4.637333333333332
29 4.774
30 4.972666666666667
31 5.068666666666668
32 5.69
33 5.502
34 5.679333333333331
35 5.855333333333332
36 6.003333333333334
37 6.003333333333333
38 6.113333333333332
39 6.464666666666667
40 6.751333333333334
41 7.136666666666667
42 7.033333333333333
43 7.214666666666667
44 7.688666666666666
45 8.220666666666666
46 8.394
47 8.916
48 7.982666666666666
49 8.323333333333332
50 8.382666666666665
