1 3.880000000000002e-2
2 5.520000000000002e-2
3 0.11560000000000001
4 0.14759999999999995
5 0.20520000000000008
6 0.4232
7 0.6924000000000002
8 0.6144000000000002
9 0.76
10 1.0856
11 0.924
12 0.9943999999999998
13 1.0432
14 1.1236
15 1.2264000000000002
16 1.2872
17 1.3632000000000002
18 1.5051999999999994
19 1.6051999999999997
20 1.6992000000000005
21 1.8459999999999999
22 1.8488000000000002
23 1.9639999999999997
24 1.9984
25 2.0868000000000007
26 2.154
27 2.228
28 2.3184
29 2.4616000000000002
30 2.448
31 2.5679999999999996
32 2.6395999999999997
33 2.7540000000000004
34 2.824
35 3.229599999999999
36 3.164
37 3.669999999999999
38 3.3939999999999992
39 3.526
40 3.3792
41 4.245999999999999
42 4.7388
43 3.9504
44 5.034799999999999
45 4.603999999999999
46 5.135599999999999
47 5.638000000000001
48 4.5512
49 6.024400000000002
50 5.840400000000001
51 6.7219999999999995
52 8.154
53 8.486
54 8.794
55 9.048
56 12.411
57 13.258000000000001
58 8.764000000000001
59 14.34
60 12.854
61 13.129
62 19.057000000000002
63 17.242
64 15.073000000000002
65 10.550999999999998
66 16.440000000000005
67 13.862999999999996
68 32.831
69 24.451
70 29.607
71 16.412
72 29.9
73 27.844
74 32.05800000000001
75 22.543
