1 3.960000000000001e-2
2 5.6000000000000015e-2
3 0.12480000000000001
4 0.1592
5 0.21200000000000008
6 0.4100000000000001
7 0.5512000000000001
8 0.6976
9 0.7164000000000001
10 0.8064
11 0.8816000000000002
12 0.964
13 1.0415999999999999
14 1.1723999999999999
15 1.2776
16 1.2832000000000001
17 1.3552000000000002
18 1.4516
19 1.592
20 1.6576
21 1.8052
22 1.9755999999999991
23 1.8988
24 2.0172
25 2.2568
26 2.2012
27 2.3644000000000007
28 3.088
29 2.8783999999999996
30 3.1063999999999994
31 3.1612000000000005
32 3.5532000000000004
33 3.056
34 3.296
35 3.2524000000000006
36 3.9648000000000003
37 3.1995999999999993
38 3.774799999999999
39 4.571999999999999
40 4.3348
41 4.312
42 4.7564
43 4.177200000000001
44 3.6952
45 3.930800000000001
46 4.5288
47 3.9991999999999996
48 4.966800000000001
49 4.3107999999999995
50 4.0964
51 8.745333333333333
52 8.216666666666665
53 6.834
54 7.815333333333332
55 7.326000000000001
56 7.654
57 9.979333333333333
58 11.735333333333333
59 10.734
60 10.392
61 14.428666666666668
62 12.324666666666666
63 11.282666666666668
64 15.400666666666666
65 19.80533333333333
66 22.947999999999997
67 19.424666666666663
68 17.420000000000005
69 25.247333333333334
70 19.791333333333334
71 20.601333333333336
72 27.538666666666664
73 28.707333333333338
74 29.118666666666666
75 30.296666666666663
