1 0.13933333333333334
2 0.29866666666666675
3 0.4373333333333333
4 0.5766666666666665
5 0.7766666666666667
6 0.9886666666666666
7 1.3453333333333333
8 1.3673333333333335
9 1.7666666666666666
10 1.8500000000000003
11 2.207333333333333
12 2.4366666666666665
13 2.4579999999999997
14 2.9699999999999998
15 2.774666666666667
16 3.3713333333333333
17 3.7180000000000004
18 3.1033333333333335
19 3.254
20 3.5439999999999996
21 3.755333333333333
22 4.008
23 3.9773333333333327
24 3.963333333333334
25 4.181333333333333
26 4.336666666666668
27 4.540666666666667
28 4.615333333333333
29 4.98
30 5.074666666666666
31 5.823333333333334
32 5.454666666666665
33 5.530666666666667
34 5.654000000000001
35 5.841333333333333
36 6.086666666666668
37 6.228
38 6.301333333333333
39 6.506
40 6.877999999999999
41 7.531333333333335
42 7.238666666666666
43 7.45
44 7.612
45 7.718
46 7.902666666666667
47 8.079333333333334
48 8.051333333333334
49 8.187333333333333
50 8.614666666666666
