1 3.200000000000001e-2
2 3.3999999999999996e-2
3 5.700000000000001e-2
4 0.11200000000000002
5 0.354
6 0.44600000000000006
7 0.5200000000000001
8 0.6739999999999999
9 0.665
10 0.7690000000000001
11 0.843
12 0.8809999999999999
13 0.986
14 1.0690000000000002
15 1.137
16 1.2129999999999999
17 1.284
18 1.352
19 1.4340000000000002
20 1.5100000000000002
21 1.6980000000000004
22 1.857
23 1.714
24 1.8509999999999998
25 1.909
26 1.982
27 1.9969999999999999
28 2.136
29 2.1830000000000003
30 2.3859999999999997
31 2.5489999999999995
32 2.4159999999999995
33 2.46
34 2.585
35 2.769
36 2.721
37 2.8020000000000005
38 2.8569999999999998
39 3.0000000000000004
40 3.0309999999999997
41 3.117
42 3.1740000000000004
43 3.1889999999999996
44 3.272
45 3.533
46 3.522
47 3.5089999999999995
48 3.6660000000000004
49 3.804
50 3.7809999999999997
51 4.167
52 4.063000000000001
53 4.2139999999999995
54 4.108
55 4.197000000000001
56 4.3
57 4.376
58 4.443
59 4.43
60 4.571000000000001
61 4.622
62 4.668999999999999
63 4.832
64 5.1850000000000005
65 5.063000000000001
66 5.151000000000001
67 5.119
68 5.263
69 5.297
70 5.4510000000000005
71 5.49
72 5.57
73 5.727
74 5.712
75 5.727000000000001
