1,2.4e-2
2,2.2e-2
3,4.0e-2
4,5.2000000000000005e-2
5,7.4e-2
6,0.188
7,0.254
8,0.314
9,0.328
10,0.354
11,0.38
12,0.422
13,0.49399999999999994
14,0.536
15,0.5680000000000001
16,0.612
17,0.642
18,0.692
19,0.718
20,0.774
21,0.8099999999999999
22,0.85
23,0.8800000000000001
24,0.9280000000000002
25,0.974
26,1.8699999999999999
27,1.0740000000000003
28,1.1400000000000001
29,1.2079999999999997
30,1.424
31,1.484
32,1.5100000000000002
33,1.6019999999999999
34,1.688
35,1.7439999999999998
36,1.916
37,1.8219999999999998
38,1.9
39,1.874
40,1.8820000000000001
41,1.9600000000000002
42,2.1
43,2.0759999999999996
44,2.144
45,2.168
46,2.2359999999999998
47,2.27
48,2.332
49,2.45
50,2.548
51,2.524
52,2.58
53,2.574
54,2.6879999999999997
55,2.7640000000000002
56,2.7960000000000003
57,2.9019999999999997
58,2.956
59,2.9240000000000004
60,3.0860000000000003
61,3.072
62,3.214
63,3.1559999999999997
64,3.2039999999999997
65,3.2299999999999995
66,3.2879999999999994
67,2.914
68,2.9240000000000004
69,3.038
70,3.02
71,3.0140000000000002
72,2.988
73,3.018
74,3.4959999999999996
75,3.468
