1,2.1000000000000008e-2
2,3.000000000000001e-2
3,5.3000000000000026e-2
4,5.6500000000000015e-2
5,0.14600000000000002
6,0.2680000000000001
7,0.3139999999999999
8,0.3439999999999999
9,0.388
10,0.433
11,0.46950000000000003
12,0.5159999999999999
13,0.5630000000000002
14,0.6054999999999998
15,0.6475000000000002
16,0.6924999999999998
17,0.7365000000000002
18,0.7809999999999997
19,0.8230000000000001
20,0.874
21,0.9115
22,0.9544999999999998
23,1.001
24,1.05
25,1.0985
26,1.1559999999999997
27,1.177
28,1.2205
29,1.264
30,1.3035
31,1.3460000000000003
32,1.3845
33,1.4180000000000001
34,1.4809999999999999
35,1.528
36,1.5665
37,1.5835
38,1.6425
39,1.716
40,1.7894999999999999
41,1.7695
42,1.8265
43,1.8725
44,1.9069999999999996
45,1.9699999999999995
46,1.9969999999999999
47,2.0415
48,2.155
49,2.1424999999999996
50,2.1815000000000007
51,2.3715
52,2.2705000000000006
53,2.3385000000000002
54,2.7935000000000003
55,2.4005
56,2.4385000000000003
57,2.4754999999999994
58,2.5140000000000002
59,2.5404999999999993
60,2.676
61,2.6205
62,2.6585
63,2.7410000000000005
64,2.7715
65,2.8665
66,2.8835
67,2.9055000000000004
68,2.931
69,2.5635
70,2.6115
71,2.6550000000000002
72,2.6494999999999997
73,2.682
74,2.7375
75,2.7695000000000003
